1000 10 12 9 12 11 10 15 12 11 10 13 10 11 13 12 7 10 10 10 10 12 9 10 10 11 10 10 12 16 11 10 11 11 13 12 11 9 13 11 12 11 9 11 11 10 14 8 12 9 10 
2000 13 12 11 12 12 11 12 12 14 10 12 11 14 11 12 14 13 15 14 11 14 16 12 15 12 11 11 10 11 11 18 11 14 11 12 11 15 12 14 11 11 18 11 11 13 12 11 12 11 11 
3000 13 13 13 11 13 14 12 15 12 13 13 12 15 11 13 14 13 13 10 11 10 12 14 12 12 9 20 14 14 11 11 11 15 12 12 14 11 14 16 14 13 13 12 16 13 12 12 14 9 14 
4000 11 13 16 15 16 12 14 13 12 19 15 12 16 17 14 16 12 15 13 15 12 15 13 14 12 13 12 11 12 11 11 17 14 12 13 12 15 14 13 12 13 14 15 13 14 14 13 13 13 12 
5000 13 12 11 13 14 13 12 17 13 12 14 13 13 14 15 14 19 14 15 13 13 16 14 15 16 13 13 12 13 12 15 12 12 13 14 14 12 14 12 12 14 13 12 12 15 12 13 13 12 12 
6000 11 12 14 12 12 16 14 15 12 12 15 14 15 13 16 16 15 13 12 15 14 15 11 14 19 12 11 19 25 14 13 15 13 12 15 17 14 14 13 14 12 14 16 12 14 12 14 15 11 17 
7000 15 15 11 16 16 13 13 12 13 13 15 12 14 13 14 13 16 12 14 15 14 14 17 14 12 13 17 13 14 13 14 15 12 14 19 14 16 14 18 13 12 15 13 16 14 13 13 12 14 15 
8000 15 13 14 16 17 12 15 16 13 13 13 14 15 13 14 15 14 15 17 12 14 14 13 13 15 13 15 13 13 17 16 15 15 14 15 12 14 15 13 16 14 18 13 17 17 13 15 14 12 18 
9000 12 13 15 13 14 13 14 16 14 14 16 14 16 14 13 13 13 14 16 17 12 14 13 14 16 12 14 15 14 12 13 13 15 15 18 13 13 15 17 14 13 13 15 15 13 15 16 17 12 13 
10000 13 16 13 12 14 14 13 15 14 14 15 13 13 15 13 13 14 15 14 14 16 16 17 13 12 14 15 15 15 17 15 13 13 17 14 15 20 14 14 13 17 14 13 13 14 16 15 17 12 14 
11000 16 18 15 13 14 15 13 16 14 16 17 15 16 17 15 17 14 15 13 14 13 20 13 16 14 15 14 14 13 16 16 14 13 12 12 16 15 18 14 14 14 15 17 15 16 13 15 12 14 17 
12000 16 15 14 15 13 14 13 13 13 15 14 14 15 16 19 14 17 14 14 14 14 14 17 15 14 15 16 16 13 14 15 17 13 15 17 15 14 20 11 15 15 13 14 14 16 15 13 14 12 15 
13000 14 14 14 17 15 14 16 14 18 15 13 14 13 15 12 22 16 15 15 14 15 12 13 13 13 18 15 13 13 16 15 13 13 15 16 14 16 15 15 17 16 14 17 15 15 14 17 15 13 14 
14000 15 15 13 21 17 13 14 16 16 13 14 14 13 14 15 14 15 16 14 16 14 14 14 15 18 15 13 14 15 16 16 16 22 15 15 13 13 14 14 15 15 14 15 15 15 13 17 14 14 14 
15000 15 14 20 17 16 15 17 15 16 19 15 17 15 16 13 15 15 15 17 13 17 16 16 12 15 12 14 14 18 15 13 18 15 15 16 15 15 14 16 14 16 15 14 15 16 13 14 15 15 14 
16000 14 14 15 16 14 20 16 16 22 14 15 15 15 16 18 14 20 13 16 18 15 13 15 12 13 15 14 14 16 17 14 14 14 16 16 15 16 18 16 16 15 16 17 14 15 13 14 13 14 14 
17000 16 13 15 13 15 14 18 18 30 15 15 17 16 14 17 14 17 14 14 16 14 13 16 17 22 15 17 14 14 17 14 16 13 13 16 18 12 14 14 16 14 17 14 15 17 18 13 15 17 13 
18000 13 14 17 13 14 16 14 14 15 18 14 16 14 16 14 14 14 19 13 14 14 16 18 16 12 15 15 14 14 15 15 18 14 20 19 12 19 13 13 19 15 14 17 14 21 14 14 14 17 16 
19000 14 14 16 14 16 14 18 21 17 16 15 14 13 16 15 16 16 15 15 16 13 16 14 20 12 16 19 16 13 15 18 16 14 16 16 17 14 14 16 16 16 15 16 16 13 14 14 22 16 18 
20000 13 16 16 15 14 17 16 16 14 14 16 14 15 16 15 14 14 16 19 16 13 18 19 15 14 14 19 15 17 16 17 13 14 15 14 16 15 14 16 13 13 13 14 16 15 13 15 15 15 16 
21000 23 19 18 16 17 16 17 18 17 18 15 20 15 15 13 15 14 14 20 15 14 15 16 16 15 15 17 14 19 17 13 12 17 14 17 13 13 15 19 16 15 16 15 17 18 20 15 18 15 18 
22000 20 15 13 16 13 14 16 18 17 22 13 15 17 16 14 14 15 15 13 15 14 15 20 16 14 14 18 17 16 13 20 15 15 17 17 16 18 20 17 18 18 19 16 15 13 13 17 18 15 16 
23000 14 14 16 16 16 16 13 18 17 16 18 18 15 16 15 15 16 16 14 17 17 17 13 16 16 14 15 15 14 14 14 15 16 15 18 16 14 16 14 15 16 15 15 17 15 16 17 14 16 16 
24000 18 14 15 14 19 16 17 16 15 15 15 17 13 19 16 16 18 21 20 19 14 15 18 14 15 17 15 19 16 17 14 14 17 15 15 14 17 14 19 17 15 14 16 15 17 15 15 16 16 18 
25000 21 17 15 16 17 14 16 19 19 17 13 15 15 14 13 15 17 18 15 13 16 17 14 14 14 18 16 16 15 15 15 15 15 15 16 14 16 15 15 17 15 17 17 15 17 17 15 13 17 17 
26000 15 17 19 20 17 15 16 15 17 17 14 17 15 16 14 14 15 18 16 16 15 14 16 14 16 15 16 19 16 15 14 13 17 17 17 17 17 19 17 15 13 19 14 15 13 13 18 17 14 16 
27000 15 15 16 15 15 18 14 17 16 16 14 15 15 15 15 16 21 16 22 15 16 14 17 16 17 15 14 13 17 19 18 16 16 16 14 15 17 16 14 18 18 13 17 15 20 16 18 16 15 16 
28000 19 15 17 16 18 15 14 16 15 14 15 18 16 17 19 15 15 15 20 14 18 15 15 15 16 22 16 17 18 17 16 15 17 16 16 19 16 15 16 16 17 18 17 14 18 16 18 17 17 16 
29000 17 17 15 15 21 15 16 21 17 16 14 18 15 17 15 16 20 24 17 17 16 16 17 16 16 15 16 16 15 18 16 15 16 15 17 13 17 15 15 17 15 17 17 16 16 15 17 15 14 15 
30000 20 21 17 15 20 17 16 15 15 17 15 17 13 17 13 18 18 15 19 15 14 14 17 16 15 15 14 16 17 19 16 15 17 15 15 15 17 18 17 14 15 16 15 17 15 17 17 16 16 18 
31000 17 18 13 15 17 15 17 16 17 17 18 17 18 17 13 16 17 16 15 17 17 16 16 14 18 15 15 15 18 19 16 20 16 13 15 14 15 15 16 15 16 16 15 16 17 20 14 15 17 16 
32000 16 16 20 15 17 17 17 14 18 18 18 16 20 16 17 14 19 16 17 20 15 16 14 14 18 16 15 16 17 19 14 14 17 18 16 15 16 15 16 16 20 22 16 17 17 16 14 15 18 22 
33000 17 16 18 15 17 18 18 17 18 15 17 15 16 15 17 16 15 15 15 15 16 18 16 15 15 14 16 19 16 15 16 17 15 15 14 14 17 16 14 18 17 16 17 16 17 19 18 17 16 16 
34000 15 15 20 16 16 15 16 18 16 16 18 16 14 18 17 15 17 14 16 14 18 16 15 15 16 19 17 19 16 15 15 17 16 15 16 17 18 21 13 14 22 15 16 16 19 15 15 16 15 16 
35000 19 17 16 15 20 14 14 15 18 18 20 15 17 16 19 19 18 17 15 16 18 20 16 16 16 14 16 14 15 15 15 16 17 15 15 15 15 19 16 15 17 19 13 17 17 15 22 17 18 21 
36000 18 14 19 16 18 15 20 15 16 14 15 18 20 18 15 16 17 17 17 15 15 21 19 14 20 17 16 18 18 16 16 18 16 14 19 15 14 15 15 14 16 16 15 17 15 17 16 18 15 14 
37000 16 15 15 17 15 15 23 15 15 17 18 15 15 16 16 15 18 16 15 17 19 16 18 15 15 16 18 14 15 15 17 16 16 17 17 16 19 13 15 18 17 15 17 16 17 18 18 18 18 20 
38000 15 19 15 20 16 14 16 18 17 15 16 15 22 20 17 18 15 17 14 16 17 19 17 17 16 16 16 18 15 15 14 17 16 16 19 14 17 20 18 15 16 15 14 16 19 16 19 14 18 16 
39000 18 15 15 16 17 16 17 18 18 18 16 15 18 16 16 17 14 18 17 16 14 15 18 16 16 21 18 17 15 14 16 17 17 15 16 16 18 18 15 16 17 19 16 18 15 15 19 16 20 18 
40000 17 20 16 16 22 18 17 16 15 17 18 15 19 17 18 15 15 16 23 15 17 15 20 18 16 15 16 15 15 14 16 16 16 14 16 15 14 15 17 19 18 19 15 16 19 16 19 17 18 16 
41000 16 17 17 18 19 17 17 16 17 18 18 16 17 13 14 17 16 17 17 15 15 17 17 15 15 16 15 16 17 16 16 20 17 15 15 15 17 17 18 18 14 14 15 16 16 18 17 17 16 18 
42000 16 18 16 16 18 14 18 17 19 17 16 18 17 14 20 15 18 15 22 17 16 15 18 20 18 19 15 15 14 15 15 16 15 18 17 17 16 16 16 15 17 20 16 18 17 18 14 16 19 16 
43000 21 18 16 14 19 19 16 15 19 15 14 16 16 15 19 15 17 17 17 15 16 18 15 15 15 15 16 19 17 16 17 18 15 14 15 15 15 19 15 15 16 16 16 16 15 14 20 18 17 15 
44000 17 18 15 21 20 17 14 16 17 15 15 15 16 15 20 16 15 16 20 15 17 17 18 18 20 15 15 15 16 18 16 17 17 20 14 15 17 16 17 17 14 17 19 16 16 19 14 23 15 17 
45000 18 21 16 19 17 16 17 16 17 20 22 16 18 21 16 15 15 16 17 15 16 16 15 14 16 17 17 16 18 16 19 19 15 16 15 16 15 17 17 16 14 16 19 19 16 15 17 16 19 19 
46000 16 16 17 18 15 16 16 16 17 15 19 14 17 18 16 17 16 18 16 20 17 22 17 16 16 17 17 16 16 17 18 17 17 18 17 16 20 16 16 18 16 19 20 17 25 18 16 19 16 19 
47000 17 16 16 18 18 16 19 22 20 16 16 19 17 17 18 16 15 15 16 18 14 15 16 17 17 16 14 16 16 17 16 21 20 16 15 17 17 17 17 15 14 20 16 17 16 18 18 16 14 14 
48000 15 14 15 16 19 18 17 19 16 17 19 15 18 23 17 15 15 17 17 19 17 17 16 17 17 16 16 15 23 16 17 16 19 18 14 15 15 24 15 21 16 18 19 19 21 17 18 19 18 18 
49000 18 16 18 15 17 14 14 15 16 16 16 15 17 16 17 15 17 16 19 16 17 17 15 14 16 14 19 16 17 16 14 16 16 18 16 19 15 16 19 14 17 17 19 17 16 17 18 15 18 20 
50000 16 15 17 16 16 17 20 18 14 17 20 15 15 14 14 16 15 14 16 18 17 15 15 15 14 16 17 15 18 16 18 21 20 18 15 17 18 16 14 17 14 16 16 17 16 18 16 15 18 17 
51000 17 19 17 18 18 20 15 18 20 16 15 15 17 17 17 20 17 18 18 19 17 15 16 16 16 17 16 15 18 20 15 18 15 18 18 18 16 15 15 15 14 16 18 20 17 18 13 16 19 17 
52000 20 17 20 17 17 16 18 14 16 16 16 18 19 16 15 16 15 23 17 16 15 20 18 18 16 16 17 17 17 16 18 17 17 18 16 16 19 18 16 17 15 16 16 15 17 17 14 17 19 20 
53000 14 20 15 18 15 18 18 19 17 20 18 16 15 15 16 16 14 16 18 17 16 16 15 16 14 16 20 17 17 20 17 18 16 17 17 18 18 17 20 16 15 16 18 16 16 17 18 15 17 16 
54000 18 22 15 13 18 16 18 18 18 16 18 16 16 17 17 21 15 24 18 14 19 17 21 17 20 20 15 15 19 17 15 15 18 15 15 15 16 16 18 17 15 16 18 16 17 18 15 17 18 16 
55000 17 23 15 17 19 15 18 21 16 16 17 17 18 15 16 20 16 16 17 19 15 17 17 16 15 17 16 16 18 16 17 17 18 17 15 15 16 17 19 17 17 17 15 18 20 17 17 18 16 16 
56000 18 17 16 18 16 17 18 15 17 17 16 16 18 21 21 21 17 17 19 19 18 21 16 19 17 18 16 17 17 18 16 20 19 15 15 25 17 20 20 16 17 17 20 15 19 15 16 16 18 18 
57000 17 18 15 21 16 16 19 16 17 16 18 17 19 17 16 18 15 15 22 16 19 16 19 18 20 17 20 16 14 18 18 14 18 17 18 18 16 22 17 19 17 18 18 18 18 16 15 17 17 17 
58000 17 19 17 16 16 15 17 16 16 17 15 21 23 17 20 17 15 18 18 16 18 20 15 15 17 17 16 14 20 17 15 17 18 17 19 16 15 15 15 17 17 25 15 18 16 15 17 20 17 16 
59000 16 19 18 17 18 18 16 17 18 15 16 16 15 15 17 17 22 17 16 17 18 20 14 17 15 16 15 16 16 18 21 16 15 18 16 17 15 16 17 17 16 16 18 20 19 18 14 14 17 18 
60000 16 18 16 16 20 20 15 17 15 15 16 18 18 19 17 16 19 19 16 17 20 16 17 19 18 16 18 17 16 18 16 18 15 20 18 17 15 19 15 25 18 22 17 19 18 18 22 18 16 22 
61000 16 21 18 18 18 17 15 17 19 18 18 15 19 16 15 17 15 18 15 14 15 18 16 18 16 16 18 18 16 22 16 19 19 16 18 20 15 17 16 20 18 15 17 16 21 29 15 20 17 19 
62000 18 20 17 17 20 17 17 22 16 17 16 20 15 18 17 17 18 19 17 18 15 22 20 15 17 17 16 17 16 16 15 17 16 17 18 16 16 17 17 16 22 17 15 16 18 18 20 16 16 15 
63000 18 16 16 18 16 19 18 16 17 17 17 21 19 17 16 15 16 18 19 16 15 17 16 16 16 15 17 14 16 18 17 16 15 16 16 17 16 18 17 16 16 16 21 16 15 19 19 15 17 18 
64000 17 18 17 16 16 21 17 19 18 15 16 16 15 17 17 16 16 16 16 16 17 17 18 17 18 18 16 18 19 16 18 18 16 21 16 20 20 16 15 19 17 17 18 17 15 16 16 16 16 19 
65000 18 20 15 18 18 17 17 19 16 17 17 19 17 18 15 18 15 18 17 17 19 16 22 16 19 15 19 16 18 17 16 20 16 16 16 17 18 18 18 22 18 18 17 15 15 16 17 19 16 18 
66000 18 16 17 18 16 19 18 16 16 27 18 23 17 15 18 15 18 17 16 15 18 16 17 19 15 17 20 19 16 20 16 18 22 19 16 19 17 15 20 21 15 18 16 17 18 17 15 19 18 20 
67000 19 20 17 18 18 17 16 18 14 15 17 15 18 18 20 17 22 17 18 17 20 18 18 16 15 19 15 16 17 19 17 16 16 17 20 16 23 18 16 16 17 18 20 16 15 18 16 17 18 17 
68000 15 15 17 17 15 19 17 15 19 16 15 22 17 18 16 18 17 15 20 16 16 19 16 19 18 19 20 23 17 20 19 15 17 15 20 17 17 16 18 18 18 17 16 16 17 18 18 16 15 22 
69000 20 18 15 15 17 16 17 17 18 15 15 17 20 22 19 16 18 16 15 15 15 17 20 19 18 17 18 16 18 17 17 17 19 17 17 16 18 18 15 23 17 17 19 23 16 17 17 16 17 18 
70000 17 16 18 19 25 17 16 18 16 18 16 16 16 16 15 16 16 16 15 16 17 19 18 20 16 15 18 16 18 17 14 19 15 16 19 18 18 18 19 17 21 18 21 18 17 17 18 18 16 17 
71000 17 16 17 18 17 16 16 18 15 17 17 16 17 20 15 15 15 16 20 21 20 15 18 21 22 19 15 16 18 17 20 17 18 16 19 16 17 19 20 16 19 19 16 16 16 19 17 18 16 15 
72000 17 17 16 15 17 18 16 19 17 17 20 20 17 15 17 21 20 18 17 18 20 16 17 19 17 17 17 18 17 17 21 16 18 18 18 17 19 20 15 15 20 16 17 16 17 16 19 19 20 18 
73000 15 15 18 17 18 19 16 17 17 18 16 16 18 16 15 16 18 17 17 16 19 19 19 20 19 20 16 17 17 19 19 15 18 20 15 20 16 14 19 16 15 22 17 16 22 16 17 20 20 22 
74000 17 16 17 20 19 18 18 16 19 15 16 19 17 16 16 16 16 16 19 19 23 17 18 18 16 19 17 17 19 15 18 17 14 17 17 16 17 16 17 22 18 18 22 16 16 17 17 18 19 22 
75000 16 20 17 16 16 15 17 19 15 23 17 19 16 18 22 16 20 16 17 18 17 16 17 15 23 20 20 17 16 16 16 17 18 21 18 21 18 16 17 15 19 22 15 18 17 15 18 23 18 18 
76000 19 19 16 16 17 17 15 15 16 18 20 23 16 16 18 19 15 19 18 17 16 19 18 18 16 16 18 18 21 16 16 20 18 16 17 19 20 16 15 15 17 18 19 15 22 17 17 19 19 18 
77000 15 18 17 18 16 20 19 16 18 17 16 23 17 16 25 21 17 15 19 21 17 21 16 21 17 19 19 25 20 15 17 17 17 21 18 17 17 17 18 17 15 18 16 16 15 21 18 15 21 19 
78000 16 17 18 16 16 20 18 19 17 18 17 16 19 18 22 16 17 17 17 16 19 17 17 22 19 17 20 16 16 17 18 16 16 17 16 16 18 18 19 15 18 16 16 19 18 18 16 20 18 16 
79000 15 20 16 17 15 15 19 16 15 19 18 18 16 17 18 16 17 18 18 21 17 19 19 19 15 15 20 16 17 21 18 15 17 17 18 16 18 17 17 16 19 17 20 18 15 16 21 19 15 16 
80000 15 16 17 16 16 20 17 17 20 18 16 20 20 17 17 16 18 18 20 16 21 16 22 18 17 17 18 15 17 20 20 18 17 17 19 17 19 18 18 19 16 19 21 19 17 17 20 18 16 17 
81000 22 17 18 21 15 20 16 20 18 14 19 16 20 17 23 17 16 16 17 16 17 18 16 21 16 20 19 16 15 17 17 17 15 18 17 17 17 19 17 22 16 16 17 19 18 16 19 18 16 16 
82000 18 16 21 17 18 18 18 18 18 16 18 17 18 22 17 20 19 16 17 16 17 17 15 17 21 17 18 15 16 18 17 18 18 16 18 16 17 17 17 15 16 23 17 18 18 17 17 16 17 17 
83000 18 17 19 17 17 21 16 15 16 16 18 20 15 17 15 18 18 16 18 18 16 17 17 18 18 16 19 19 16 18 17 16 16 18 17 16 16 17 15 15 16 18 16 17 20 20 17 17 18 18 
84000 18 15 19 15 16 19 18 16 15 16 16 17 17 17 16 16 19 16 16 15 21 19 17 18 17 17 16 17 17 17 21 17 23 17 18 18 16 18 15 18 17 19 16 17 24 17 16 20 17 19 
85000 17 17 17 19 17 17 22 20 22 15 18 16 15 16 16 16 21 16 17 17 18 18 16 16 15 17 15 16 18 18 17 16 18 18 17 17 19 19 18 21 17 18 17 17 17 17 17 18 17 24 
86000 18 17 15 16 18 20 19 17 19 17 17 18 18 18 15 17 17 18 16 19 21 16 17 24 17 20 17 16 16 19 17 16 19 19 18 19 17 16 18 15 17 18 19 17 16 20 19 18 18 19 
87000 22 17 16 16 19 18 17 16 20 17 18 17 17 16 17 15 17 16 19 18 19 19 22 15 17 18 16 16 15 17 18 19 18 17 19 19 17 18 15 22 19 18 19 17 17 17 17 17 17 19 
88000 18 18 20 18 20 18 16 17 16 18 21 21 15 18 17 17 17 18 17 18 18 18 17 19 21 17 17 18 18 18 20 24 17 17 17 19 20 17 16 21 18 21 17 18 17 15 23 16 18 19 
89000 16 18 17 15 18 17 19 19 19 17 16 18 16 17 17 16 17 21 17 18 18 16 16 19 18 18 18 17 17 20 19 19 18 18 19 16 18 23 17 18 17 18 17 17 20 16 16 17 18 16 
90000 19 17 19 15 17 18 16 16 19 22 17 21 17 15 15 18 16 17 17 17 20 18 18 19 19 17 16 16 19 17 16 17 17 20 18 16 17 18 20 19 15 15 18 17 16 15 17 21 16 22 
91000 20 17 19 17 17 16 16 19 20 17 20 17 19 18 18 18 19 16 21 20 17 17 17 16 19 20 17 15 17 18 15 16 16 27 18 18 15 15 20 18 17 15 17 17 20 16 18 16 22 19 
92000 17 17 17 17 20 20 18 17 18 18 18 16 19 16 15 18 15 15 15 16 16 16 17 21 20 18 18 18 20 16 16 18 19 19 17 15 18 17 20 15 17 15 18 17 16 18 16 17 18 16 
93000 21 18 16 21 19 20 16 18 17 18 16 18 16 20 21 17 17 17 17 21 16 19 16 19 15 19 18 20 15 17 20 17 17 22 17 17 17 19 19 18 17 18 17 16 17 16 18 20 17 17 
94000 20 16 17 17 18 16 17 17 23 21 21 18 17 16 21 16 17 17 16 19 17 20 26 21 16 21 17 17 17 17 18 17 22 21 17 16 16 19 16 18 18 18 16 20 18 18 25 17 17 18 
95000 20 19 21 17 17 16 27 18 15 23 16 20 16 19 18 19 19 19 19 18 19 18 19 19 14 19 16 18 19 18 18 17 18 17 17 18 16 16 19 18 17 16 20 18 17 17 21 16 20 18 
96000 21 20 18 18 18 16 16 17 16 17 17 20 19 21 19 17 16 18 17 19 20 16 21 16 18 17 18 16 17 16 18 15 17 19 16 20 18 17 19 19 19 20 18 18 16 15 18 17 17 17 
97000 17 20 18 17 16 15 17 18 22 18 17 20 16 22 17 16 17 20 16 16 23 15 19 18 20 17 16 18 19 18 15 17 19 15 17 21 16 17 16 18 18 16 16 17 19 18 16 16 18 16 
98000 16 19 18 22 18 16 17 17 18 16 19 20 18 19 21 18 17 20 19 17 18 18 18 16 19 20 18 15 19 19 16 17 20 17 16 20 17 20 19 17 16 16 17 18 18 16 17 16 18 18 
99000 17 20 15 18 16 17 19 17 22 18 19 19 18 19 21 17 17 15 20 16 16 18 20 18 21 17 19 15 15 20 20 20 16 22 17 17 17 15 16 24 18 17 16 20 22 17 16 18 17 22 
100000 17 18 16 18 17 20 15 17 16 21 23 17 17 16 16 21 18 21 16 16 16 18 21 17 17 22 17 21 19 17 18 21 18 20 18 18 18 20 19 17 16 20 21 21 23 16 17 21 18 18 
