1000 56 57 69 58 58 70 82 76 79 66 84 126 70 83 76 89 69 66 64 58 79 62 60 62 82 79 60 61 52 99 66 96 83 58 80 64 73 76 71 78 56 107 71 81 59 69 67 76 91 99 
2000 82 89 64 71 89 82 77 91 64 75 78 74 85 71 87 86 77 67 77 75 71 73 87 83 65 80 91 89 89 86 79 87 103 66 72 63 73 103 78 79 81 72 90 63 81 67 74 60 64 72 
3000 81 83 90 85 84 93 77 91 83 103 67 76 69 73 78 68 91 75 80 73 119 75 87 85 83 74 86 75 100 71 86 78 65 81 74 73 74 100 78 75 93 76 87 85 80 67 75 72 92 104 
4000 86 86 83 94 86 84 87 92 70 105 80 96 91 70 75 120 77 96 77 93 81 86 121 84 86 81 70 91 76 75 96 74 76 97 81 77 85 83 81 68 81 111 86 88 76 85 69 87 91 62 
5000 76 89 107 82 81 75 85 89 86 80 97 72 86 93 79 127 67 93 100 95 71 66 85 104 87 90 71 71 91 86 76 76 77 96 82 87 80 86 81 111 88 104 73 73 74 91 86 80 86 99 
6000 89 74 83 83 94 77 71 124 81 87 74 116 96 88 83 83 89 101 83 82 93 86 88 84 89 87 95 71 90 74 85 82 91 73 89 82 87 76 75 89 84 98 86 83 167 90 88 75 82 74 
7000 88 78 77 88 97 81 85 110 75 88 84 97 88 115 73 76 83 93 98 82 70 87 81 88 82 93 100 69 94 86 118 78 77 81 101 76 83 93 102 84 93 86 92 77 90 84 87 92 96 94 
8000 89 100 85 99 82 77 91 80 95 89 80 90 87 93 109 96 76 89 104 88 81 103 79 93 71 80 95 79 90 83 102 106 72 86 98 88 86 91 88 71 80 81 91 95 89 114 116 75 107 91 
9000 120 88 83 76 98 110 91 80 87 98 75 110 94 116 85 110 88 110 99 84 89 82 105 93 93 77 95 80 91 112 105 79 81 71 111 92 88 86 87 89 79 80 76 100 86 107 110 79 92 94 
10000 132 94 116 94 112 85 91 97 101 80 74 87 81 85 84 81 83 82 77 79 89 102 88 129 107 91 104 91 89 73 79 88 84 93 93 75 109 126 87 89 98 102 82 105 100 90 112 77 113 91 
11000 107 93 97 85 97 81 88 86 103 107 99 127 103 103 87 81 90 99 81 92 94 91 92 93 87 80 85 84 85 84 92 99 72 95 79 78 90 80 96 103 79 90 88 91 128 98 103 92 96 88 
12000 82 93 106 97 89 98 88 87 106 94 101 105 123 81 86 88 98 91 76 107 87 90 108 154 85 101 86 81 107 104 95 90 99 96 86 91 98 88 100 105 88 95 107 96 110 96 108 110 99 100 
13000 105 107 82 98 100 88 106 103 92 133 89 83 92 79 89 88 110 94 92 90 88 84 77 96 96 93 102 92 108 100 72 87 84 82 96 94 88 105 80 86 108 89 76 90 94 94 97 99 97 97 
14000 93 82 96 92 83 89 88 94 111 88 80 116 88 93 100 103 86 83 80 104 86 88 131 84 80 96 96 100 87 85 87 91 86 85 90 86 102 83 93 97 84 135 103 102 102 88 110 82 94 77 
15000 140 96 90 95 87 95 111 103 92 109 114 94 88 113 79 94 101 95 91 94 99 103 91 123 100 96 128 86 86 110 103 87 100 118 100 85 82 89 106 89 106 100 94 113 109 91 90 99 110 85 
16000 91 87 115 94 94 106 103 94 86 106 81 100 122 98 91 111 90 89 126 91 109 95 96 124 113 91 77 108 88 97 94 90 101 105 128 85 83 93 94 110 84 107 93 104 101 98 85 99 102 123 
17000 95 98 126 114 100 87 127 87 118 122 104 118 101 83 89 103 98 113 82 109 113 95 97 117 127 84 86 89 90 122 87 96 91 94 82 79 93 87 90 82 109 97 103 92 98 112 94 104 92 94 
18000 95 90 92 105 114 101 95 134 112 99 92 118 106 86 90 103 104 129 91 99 103 98 149 157 93 90 77 117 97 98 99 92 87 107 86 95 95 100 100 104 101 87 104 102 95 96 120 97 100 91 
19000 107 101 107 89 90 88 94 101 104 105 89 96 87 108 88 110 100 96 97 100 102 84 92 101 86 106 123 151 96 94 96 86 122 90 95 91 96 100 97 106 94 119 99 102 116 101 83 90 103 90 
20000 102 90 90 96 92 91 89 99 116 90 97 89 92 122 110 82 92 90 137 86 100 94 107 117 118 113 102 93 109 126 91 110 116 100 103 88 112 101 107 80 89 98 98 106 90 96 86 112 87 117 
21000 92 95 90 104 112 95 99 106 134 98 100 108 106 111 134 87 106 82 109 89 137 105 91 94 125 93 84 104 90 103 89 109 98 95 99 115 109 87 110 88 144 107 103 97 99 86 87 103 112 113 
22000 96 108 98 117 108 96 95 110 85 89 91 128 92 102 102 107 103 123 112 95 96 137 110 96 129 107 86 93 81 94 108 108 111 105 84 97 96 110 87 110 101 95 105 92 91 86 92 93 111 96 
23000 105 93 81 99 83 102 96 113 102 94 97 87 113 94 112 97 93 85 139 116 102 102 95 93 88 92 101 110 86 95 105 86 110 110 97 92 89 87 89 92 142 89 101 89 85 97 101 103 122 103 
24000 102 98 132 94 98 99 104 95 94 92 107 100 110 114 103 95 112 137 101 80 111 112 104 91 94 101 106 100 114 107 94 132 92 128 119 94 87 101 113 108 92 92 83 123 98 98 95 106 92 121 
25000 94 93 99 95 108 100 105 100 99 84 98 96 112 100 114 128 95 104 98 94 108 97 93 114 115 99 143 95 104 103 105 97 129 113 89 101 148 106 99 102 104 103 112 79 94 106 110 91 83 101 
26000 95 88 95 94 128 109 106 115 90 96 94 95 95 118 101 91 97 100 122 93 97 109 88 100 90 107 99 115 118 101 102 87 93 118 114 118 115 93 124 92 95 116 101 102 110 99 112 101 110 129 
27000 94 96 106 88 108 83 89 97 98 98 128 112 90 91 181 103 103 89 98 103 98 108 102 96 98 98 107 102 117 98 97 96 92 94 103 107 118 100 110 98 108 92 104 125 93 151 84 106 109 90 
28000 102 109 93 98 100 93 105 92 103 112 99 109 106 100 119 99 119 84 103 102 111 107 93 99 87 129 97 96 108 119 114 108 106 105 91 103 97 100 101 124 100 93 131 97 103 110 100 93 90 86 
29000 99 92 111 92 120 100 95 104 93 97 98 102 136 103 92 106 92 85 94 105 98 89 103 108 90 96 100 120 97 122 87 116 101 89 98 104 96 116 96 86 89 97 121 98 85 103 107 101 93 110 
30000 112 97 97 92 107 95 103 113 109 108 101 112 103 105 100 90 117 98 103 98 124 90 93 99 95 108 100 91 86 109 98 126 93 110 103 132 91 116 96 111 104 96 105 94 92 111 93 125 111 103 
31000 105 91 87 129 102 97 103 90 96 99 94 99 92 96 103 96 109 112 143 92 100 87 106 98 113 104 110 101 93 87 91 98 115 117 111 102 84 105 115 115 109 120 97 112 90 84 88 106 104 112 
32000 115 97 109 105 100 107 95 94 94 115 91 111 91 94 99 122 105 121 109 103 94 90 103 97 98 103 104 88 93 96 111 105 98 100 98 114 97 96 90 92 106 114 111 104 123 113 108 92 101 91 
33000 97 105 95 111 98 91 110 106 104 121 100 99 92 124 97 98 114 96 90 104 124 95 99 106 110 107 97 103 111 112 94 92 111 98 98 98 109 113 119 112 104 97 88 104 108 120 97 93 96 101 
34000 95 91 87 114 108 110 107 103 94 103 107 104 86 89 94 117 104 117 101 113 122 91 94 106 124 97 114 106 105 93 94 101 96 123 109 112 89 110 96 124 103 106 109 120 103 99 99 95 99 97 
35000 103 107 123 91 98 102 110 98 113 111 101 116 109 105 123 99 99 90 88 130 91 90 91 102 94 89 99 89 91 109 93 94 113 90 101 109 97 113 114 98 102 96 90 94 110 104 95 102 112 117 
36000 124 97 102 115 107 79 107 97 90 109 94 103 96 91 107 105 97 103 102 105 89 115 87 111 99 96 130 103 103 121 114 110 136 93 92 90 119 108 81 98 89 106 98 119 99 96 101 99 99 94 
37000 103 116 92 139 119 93 103 101 118 90 117 100 100 116 98 102 90 94 139 98 95 107 118 106 98 123 86 112 96 149 106 104 109 91 106 110 96 105 105 116 99 102 97 111 107 86 91 94 111 117 
38000 104 121 116 107 102 99 96 122 107 107 131 89 112 93 108 97 102 108 97 105 93 82 101 100 142 103 120 116 106 112 99 105 93 98 95 131 108 117 104 118 107 101 92 99 119 108 115 121 103 114 
39000 98 115 112 90 117 89 93 104 109 101 106 123 91 116 104 113 109 104 88 122 92 93 96 111 138 107 101 98 101 96 106 105 86 118 103 99 98 108 124 117 102 109 99 143 112 101 104 114 96 111 
40000 95 102 97 113 98 93 109 99 122 105 109 107 107 100 97 117 111 89 107 106 92 122 108 100 110 114 103 126 96 132 114 88 96 114 104 114 106 106 89 111 178 116 107 121 110 105 103 107 93 98 
41000 96 105 97 105 105 94 101 114 95 117 116 130 131 104 109 133 112 101 118 128 91 92 99 87 104 107 96 109 118 96 113 106 106 91 100 110 83 104 104 99 117 125 111 105 101 105 102 107 96 108 
42000 124 102 111 124 108 98 101 108 147 103 112 90 116 95 101 121 107 110 107 102 93 112 95 137 117 98 100 103 114 100 97 97 103 108 145 120 98 100 95 94 116 98 100 127 116 99 104 96 129 132 
43000 109 114 133 111 111 100 104 115 115 107 116 107 85 104 104 93 100 104 99 113 116 105 143 108 100 101 148 101 105 107 116 97 111 103 96 116 104 98 112 101 88 114 97 119 105 90 102 95 121 91 
44000 112 110 109 106 97 98 103 103 94 94 108 100 106 95 105 100 115 107 113 102 115 93 103 92 108 97 111 100 99 110 95 96 99 126 94 112 93 98 100 123 108 120 127 116 137 108 124 97 109 104 
45000 130 89 101 101 94 101 109 102 105 93 102 103 114 99 107 95 94 116 94 110 100 90 87 106 115 88 129 93 100 114 130 100 97 98 107 99 103 95 92 110 114 106 98 98 142 110 100 102 103 113 
46000 101 113 140 101 121 109 103 115 104 104 102 103 98 107 97 116 111 90 100 116 101 93 92 116 134 112 99 93 90 105 102 101 129 102 112 94 107 94 108 115 103 122 97 111 111 93 102 97 119 113 
47000 102 97 115 104 140 105 116 119 115 104 135 105 102 109 103 106 113 105 103 96 122 104 122 127 107 118 113 96 167 106 113 98 99 108 95 109 107 112 107 110 106 105 117 118 93 115 105 110 91 108 
48000 94 102 124 109 110 99 90 132 101 120 98 109 141 105 98 140 103 116 105 109 104 120 93 98 134 102 112 103 104 87 107 92 123 114 125 100 105 110 104 123 100 118 119 102 123 94 112 110 112 94 
49000 119 108 118 173 104 107 119 98 96 125 100 108 140 101 128 101 92 106 132 110 110 102 96 95 107 114 103 102 153 110 105 111 117 119 106 110 107 109 116 92 108 114 113 113 111 100 132 105 93 99 
50000 111 121 94 157 114 122 118 112 91 98 119 102 105 96 106 102 121 115 102 107 110 128 117 127 112 112 99 105 92 95 115 113 101 143 100 107 94 113 97 101 112 106 122 113 101 117 110 113 115 107 
51000 142 90 106 101 99 130 92 97 98 91 119 120 118 94 104 100 127 103 108 103 107 142 106 98 88 102 114 117 96 105 102 104 127 132 98 122 95 112 118 115 105 116 106 114 114 123 123 126 96 108 
52000 95 91 109 99 102 99 123 124 107 93 152 114 116 109 96 115 104 113 121 122 115 113 103 114 120 100 107 123 108 104 114 91 104 127 112 96 112 106 105 104 85 124 95 97 109 108 110 105 161 98 
53000 103 104 97 101 111 105 122 119 103 93 102 107 93 111 102 148 105 109 109 151 108 105 108 108 104 119 94 111 118 105 99 101 98 105 100 108 111 119 104 155 102 101 120 102 106 103 125 110 133 115 
54000 108 99 91 107 108 129 110 114 109 99 114 96 106 121 132 109 106 109 105 110 106 93 118 101 93 109 134 101 115 123 115 95 106 117 93 106 100 96 97 104 120 98 103 121 118 95 102 114 101 108 
55000 101 113 98 116 133 109 111 104 96 96 105 90 118 112 121 98 112 106 93 122 102 103 109 109 119 132 96 113 89 117 115 124 96 109 108 103 99 114 121 95 104 111 110 92 113 90 111 96 114 115 
56000 118 118 113 104 126 112 144 100 100 118 107 105 119 104 99 108 116 106 111 102 134 119 98 97 102 117 100 100 127 95 113 98 91 104 123 114 110 120 125 105 103 116 106 97 97 105 143 100 94 118 
57000 129 112 130 101 117 103 103 104 123 123 106 103 107 92 93 108 100 119 116 112 98 113 124 95 102 95 118 105 98 126 118 109 121 119 104 106 107 126 92 120 92 98 122 99 120 111 100 132 111 153 
58000 108 119 116 110 104 102 106 101 99 123 108 102 122 116 106 126 112 99 103 118 103 113 103 91 107 100 102 109 105 116 98 115 113 108 111 87 107 114 102 131 100 123 128 99 116 105 144 130 95 109 
59000 110 95 115 114 103 106 102 126 103 108 145 114 142 100 115 110 126 104 121 106 107 112 110 106 115 124 128 116 111 105 104 106 111 98 102 98 101 114 110 107 116 97 101 100 110 108 109 100 104 117 
60000 107 105 108 111 103 98 96 97 92 106 122 94 101 110 109 101 106 111 104 107 123 136 102 113 98 118 103 114 110 104 111 95 114 112 103 126 117 106 105 107 109 115 94 115 98 104 107 109 97 121 
61000 113 125 118 96 102 114 115 111 110 91 94 118 120 108 123 94 116 130 129 100 100 100 108 97 116 136 93 94 102 104 127 86 133 111 97 122 118 100 99 95 115 99 121 97 102 115 104 111 97 115 
62000 106 123 111 136 128 103 126 94 122 104 113 109 130 104 109 100 99 104 108 96 102 101 108 107 97 142 103 110 92 101 107 99 112 110 98 110 115 116 127 95 89 120 106 117 123 114 106 102 99 112 
63000 115 104 107 109 131 112 109 125 106 126 98 105 121 100 110 130 130 117 104 129 99 109 105 110 105 110 107 115 119 104 126 109 112 99 106 128 114 107 128 112 97 106 106 115 110 111 100 137 104 114 
64000 100 107 127 106 108 103 107 101 118 107 160 108 98 112 98 126 93 107 124 113 98 121 125 110 115 97 112 97 94 99 103 126 102 102 94 111 97 99 107 112 119 108 109 144 105 129 108 123 113 103 
65000 104 113 129 90 108 102 116 121 99 116 98 117 101 110 116 105 90 88 102 100 126 108 115 108 117 112 109 112 122 108 96 107 107 112 112 113 118 116 127 126 100 105 97 118 112 114 90 128 99 106 
66000 139 96 146 116 136 133 108 94 101 108 105 117 109 112 103 100 104 106 111 103 123 125 122 113 108 137 101 88 135 116 111 102 106 114 111 125 145 97 136 116 106 113 100 120 103 109 106 118 113 115 
67000 118 100 121 116 105 126 136 109 118 112 114 110 106 97 112 101 140 146 92 136 112 111 98 128 119 138 117 110 104 127 113 138 114 100 104 134 96 118 113 95 97 100 99 124 103 130 104 109 108 112 
68000 114 104 112 106 125 99 119 112 103 107 104 116 116 134 103 119 120 113 133 116 140 104 95 112 108 103 153 107 134 115 102 99 112 111 107 116 106 119 117 99 113 115 115 104 122 119 103 96 137 135 
69000 107 106 103 103 113 96 122 108 176 122 113 122 104 117 98 114 102 104 113 99 117 113 110 112 96 112 113 111 100 126 100 105 98 109 108 128 108 108 96 110 107 100 137 123 93 106 105 106 99 114 
70000 109 112 122 109 110 106 117 117 104 112 111 131 99 144 103 102 114 104 114 119 130 92 115 110 101 102 100 109 113 100 142 124 116 100 120 118 107 106 102 111 148 129 102 97 109 118 109 113 101 107 
71000 106 158 109 105 127 122 121 112 103 106 100 118 101 114 128 107 103 104 107 124 99 131 100 156 116 103 103 100 106 115 138 103 107 104 109 97 113 122 111 120 97 111 98 114 145 98 110 109 118 117 
72000 151 104 102 115 100 102 110 113 97 113 123 122 92 108 108 109 113 106 109 102 104 113 103 103 102 90 109 147 103 135 130 125 101 114 96 112 108 109 114 123 99 99 119 105 109 113 111 123 124 115 
73000 96 121 99 110 103 108 110 113 112 147 121 120 146 105 97 107 105 121 126 110 122 110 122 118 107 114 101 104 117 115 119 104 105 97 107 115 109 125 108 116 129 104 91 106 98 148 113 135 110 99 
74000 117 133 122 106 122 119 98 105 110 122 116 105 112 146 102 103 127 109 107 121 101 121 121 120 101 118 109 127 111 105 106 99 109 104 108 109 101 106 105 119 125 104 102 111 103 118 96 103 113 119 
75000 102 110 102 98 100 102 101 127 161 99 100 110 91 102 106 116 103 115 115 142 108 107 113 97 100 129 106 111 114 111 114 108 102 106 109 115 135 100 104 171 135 108 122 115 107 104 111 114 106 120 
76000 124 110 104 112 100 130 112 119 98 125 142 94 112 136 108 98 134 125 113 111 122 92 97 96 116 109 136 125 99 107 107 101 142 107 95 107 124 108 114 114 101 98 98 110 112 110 99 111 110 102 
77000 109 103 135 102 118 127 100 110 133 112 133 116 112 96 98 101 92 127 101 110 135 121 99 108 105 102 115 110 96 100 120 102 116 128 123 113 121 118 113 97 110 113 150 119 99 107 124 115 113 126 
78000 109 115 113 104 141 96 100 134 109 136 160 117 106 113 120 95 116 111 123 112 149 126 113 111 138 126 106 106 130 107 108 165 109 130 117 104 99 103 128 129 108 94 115 102 118 110 141 125 112 127 
79000 105 107 115 118 127 108 120 127 151 112 116 122 132 116 104 98 100 106 104 135 104 120 124 120 112 110 114 102 108 98 121 105 104 118 107 101 121 110 106 100 127 140 112 140 108 109 141 102 102 127 
80000 116 106 120 114 106 119 119 123 112 100 104 108 133 107 109 119 102 126 110 120 132 108 108 105 140 100 140 115 127 109 129 120 99 118 115 112 109 111 109 129 120 114 127 141 108 101 103 118 119 106 
81000 118 113 113 120 108 104 108 108 108 102 115 106 115 105 133 121 104 123 100 98 111 107 122 107 108 110 116 125 126 102 119 103 114 111 129 127 111 112 116 95 102 100 116 115 130 108 107 114 110 103 
82000 101 129 131 91 124 105 104 126 112 122 135 102 116 132 101 117 126 116 113 109 112 116 124 131 104 117 112 115 117 100 144 173 116 105 102 118 114 125 101 159 122 119 122 103 153 124 122 111 109 113 
83000 122 107 103 129 110 112 117 102 106 108 108 116 115 145 125 97 111 127 128 136 102 129 102 133 115 107 128 107 104 121 123 131 124 104 125 102 109 96 125 116 102 108 112 119 101 111 104 104 127 118 
84000 111 116 107 106 104 134 104 104 119 115 112 96 118 109 107 107 134 116 132 103 132 106 97 122 119 108 110 101 107 107 125 101 104 113 106 102 100 115 114 97 119 122 115 118 98 113 150 103 109 115 
85000 130 109 102 107 103 115 111 136 123 122 107 113 108 140 120 121 113 104 113 115 114 110 141 98 104 159 109 139 104 117 105 97 145 134 108 117 151 121 117 144 161 106 124 108 121 143 123 106 101 109 
86000 105 155 122 106 134 107 107 104 118 122 128 108 104 125 114 108 132 129 112 102 113 109 110 116 116 104 108 124 102 110 143 108 107 130 111 89 110 109 105 101 100 122 122 125 105 101 105 120 127 138 
87000 117 138 103 107 106 118 112 119 120 109 102 130 131 114 109 110 96 128 115 120 104 119 107 112 114 103 125 120 101 128 101 103 115 100 122 93 120 117 126 112 101 101 101 102 94 128 112 95 118 116 
88000 110 110 95 115 105 129 137 116 117 108 102 112 125 114 124 101 123 141 122 112 96 153 100 127 130 96 110 139 111 137 132 114 95 141 103 129 137 98 118 112 148 103 108 148 112 102 115 126 120 120 
89000 107 120 141 128 124 111 106 103 123 154 139 133 101 113 114 96 108 104 115 113 109 102 109 105 134 115 117 119 101 112 107 117 102 128 103 122 98 138 104 103 100 138 117 108 99 112 101 119 95 117 
90000 105 116 135 110 114 105 108 120 110 137 106 124 106 141 122 134 104 111 112 99 145 103 117 139 120 117 117 101 98 106 115 145 109 110 113 92 124 99 114 135 110 119 128 144 122 102 101 125 118 106 
91000 111 115 106 126 104 122 115 101 114 103 123 112 115 110 111 122 116 110 132 111 147 115 100 102 126 136 113 124 119 119 115 100 95 113 97 106 120 128 104 108 115 104 115 113 120 119 113 136 111 98 
92000 115 112 112 112 107 140 100 116 108 109 100 95 99 105 113 107 111 107 100 114 112 102 100 118 125 104 114 134 108 111 113 103 102 156 91 110 101 108 106 112 123 111 130 132 132 119 133 123 98 110 
93000 158 132 111 122 118 95 116 111 99 124 118 95 108 111 126 102 106 119 133 116 124 124 131 108 107 102 124 112 118 96 140 112 115 153 98 121 101 132 110 104 119 114 105 127 111 120 111 142 106 120 
94000 114 108 114 172 124 102 119 107 105 104 108 105 115 109 115 110 113 100 106 107 114 104 112 116 120 109 147 116 108 114 108 133 111 113 136 118 127 105 106 125 117 113 114 107 135 111 117 105 117 110 
95000 123 108 123 102 115 103 111 115 115 108 111 95 121 132 109 108 109 120 98 131 92 103 109 137 132 133 104 122 117 107 118 111 126 101 114 119 107 113 137 119 101 131 118 114 114 115 119 103 134 98 
96000 106 110 137 124 106 122 121 123 112 116 93 102 111 102 138 125 114 125 112 131 121 119 97 103 112 103 121 114 100 108 106 131 113 136 102 107 125 134 116 109 108 115 126 91 101 137 106 125 109 130 
97000 98 112 121 117 110 97 110 127 112 112 114 112 106 110 104 101 104 115 119 109 108 111 129 136 104 111 133 113 106 115 117 129 108 130 114 130 110 112 110 129 99 118 114 102 138 116 124 114 103 123 
98000 108 124 106 105 126 111 101 108 118 100 110 109 101 105 106 153 118 119 116 114 115 101 112 116 127 106 112 107 117 120 115 117 109 102 108 105 108 115 114 115 106 128 110 108 114 123 121 107 124 116 
99000 115 115 128 130 106 108 110 110 127 117 118 107 102 130 116 105 122 99 121 102 124 102 113 134 101 120 103 99 122 107 139 106 109 108 111 120 132 107 116 98 122 115 144 113 137 119 132 108 152 108 
100000 114 102 135 126 104 111 107 112 120 135 98 130 115 100 102 104 126 112 110 108 113 112 108 123 139 146 121 109 96 119 121 109 115 95 104 138 111 103 112 118 121 120 123 116 106 108 117 106 107 106 
